[Sprite]
Texture=wave 4x5.png
Frame0000=1
Delay0000=0.053535353535
Frame0001=2
Delay0001=0.053535353535
Frame0002=3
Delay0002=0.053535353535
Frame0003=4
Delay0003=0.053535353535
Frame0004=5
Delay0004=0.053535353535
Frame0005=6
Delay0005=0.053535353535
Frame0006=7
Delay0006=0.053535353535
Frame0007=8
Delay0007=0.053535353535
Frame0008=9
Delay0008=0.053535353535
Frame0009=10
Delay0009=0.053535353535
Frame0010=11
Delay0010=0.053535353535
Frame0011=12
Delay0011=0.053535353535
Frame0012=13
Delay0012=0.053535353535
Frame0013=14
Delay0013=0.053535353535
Frame0014=15
Delay0014=0.053535353535
Frame0015=16
Delay0015=0.053535353535
Frame0016=17
Delay0016=0.053535353535
Frame0017=18
Delay0017=0.053535353535
Frame0018=19
Delay0018=0.035353535355